PSD Analysis

median:  175
mode:  85
mean:  402.3855421686747
max:  1609
min:  1
length:  83
array: [439, 439, 1042, 782, 920, 68, 706, 706, 85, 85, 85, 85, 85, 85, 85, 85, 85, 85, 85, 85, 85, 85, 85, 413, 152, 12, 889, 770, 28, 71, 387, 539, 994, 689, 12, 12, 14, 535, 85, 1239, 209, 209, 1428, 943, 943, 943, 943, 1018, 799, 221, 1008, 1609, 715, 442, 799, 571, 17, 17, 3, 209, 1200, 940, 127, 47, 228, 3, 3, 3, 3, 3, 3, 3, 3, 176, 55, 175, 169, 1, 617, 608, 169, 1299, 1299]
sorted: [1, 3, 3, 3, 3, 3, 3, 3, 3, 3, 12, 12, 12, 14, 17, 17, 28, 47, 55, 68, 71, 85, 85, 85, 85, 85, 85, 85, 85, 85, 85, 85, 85, 85, 85, 85, 85, 127, 152, 169, 169, 175, 176, 209, 209, 209, 221, 228, 387, 413, 439, 439, 442, 535, 539, 571, 608, 617, 689, 706, 706, 715, 770, 782, 799, 799, 889, 920, 940, 943, 943, 943, 943, 994, 1008, 1018, 1042, 1200, 1239, 1299, 1299, 1428, 1609]

src dst array [(98, 107), (98, 112), (230, 245), (230, 500), (230, 406), (248, 247), (342, 500), (381, 500), (760, 763), (761, 763), (762, 763), (765, 763), (766, 763), (767, 763), (773, 763), (777, 763), (779, 763), (780, 763), (781, 763), (782, 763), (783, 763), (784, 763), (785, 763), (788, 329), (801, 342), (955, 972), (1714, 4066), (1714, 1709), (1717, 1713), (1928, 342), (2323, 2580), (2327, 2580), (3006, 245), (3107, 500), (3176, 970), (3178, 970), (2327, 4438), (4093, 2580), (772, 763), (119, 4616), (4715, 245), (4715, 4716), (4768, 191), (2410, 4793), (2411, 4793), (2414, 4793), (2416, 4793), (4857, 4670), (1513, 4949), (2424, 4930), (2567, 4949), (2322, 1534), (4035, 4806), (5181, 720), (5181, 4949), (4293, 245), (369, 5304), (2285, 5304), (5181, 1513), (2567, 1513), (2428, 1534), (6011, 1534), (5935, 406), (6273, 6298), (5595, 6467), (6187, 6468), (5829, 6468), (5831, 6468), (5832, 6468), (5833, 6468), (5834, 6468), (5835, 6468), (5836, 6468), (6480, 707), (720, 6481), (6481, 6656), (718, 935), (5386, 3433), (6281, 497), (6279, 6281), (6656, 935), (1611, 1629), (1635, 1629)]




PDS Analysis

median:  643.0
mode:  1667
mean:  734.421875
max:  2122
min:  1
length:  64
array: [774, 112, 7, 1667, 1667, 1349, 12, 249, 16, 223, 832, 307, 652, 652, 1667, 1667, 1667, 643, 643, 643, 643, 643, 12, 12, 464, 342, 690, 85, 1082, 650, 30, 3, 3, 196, 785, 1667, 1667, 936, 847, 50, 123, 3, 809, 995, 924, 232, 1084, 1, 1538, 12, 232, 37, 249, 37, 249, 322, 394, 2010, 2122, 1728, 1728, 1786, 2010, 2122]
sorted: [1, 3, 3, 3, 7, 12, 12, 12, 12, 16, 30, 37, 37, 50, 85, 112, 123, 196, 223, 232, 232, 249, 249, 249, 307, 322, 342, 394, 464, 643, 643, 643, 643, 643, 650, 652, 652, 690, 774, 785, 809, 832, 847, 924, 936, 995, 1082, 1084, 1349, 1538, 1667, 1667, 1667, 1667, 1667, 1667, 1667, 1728, 1728, 1786, 2010, 2010, 2122, 2122]

src dst array [(500, 525), (507, 525), (507, 495), (819, 514), (822, 514), (940, 276), (955, 972), (1620, 935), (1717, 1713), (2322, 2323), (2330, 2326), (2330, 2580), (2412, 2411), (2413, 2410), (2537, 514), (2538, 514), (2543, 514), (2791, 230), (2796, 230), (2798, 230), (2800, 230), (2801, 230), (3176, 970), (3178, 970), (3180, 3178), (4296, 4293), (4530, 763), (3107, 525), (4807, 276), (4857, 2418), (4925, 2285), (5181, 1513), (2567, 1513), (5406, 4317), (5935, 514), (6148, 514), (6166, 514), (4567, 4318), (6273, 514), (6279, 6273), (6279, 500), (6279, 6293), (6298, 3107), (6333, 504), (6373, 276), (718, 935), (4067, 342), (5386, 3433), (6465, 276), (6279, 6281), (6656, 935), (1611, 1629), (1629, 935), (1635, 1629), (1648, 940), (4033, 4066), (497, 523), (518, 507), (7359, 514), (523, 514), (524, 514), (2005, 2009), (522, 507), (522, 504)]
